-,-,-
270, -29, 1025
260, 45, 967
247, 69, 1014
274, 87, 982
274, 87, 982
279, 50, 917
259, 66, 895
215, 103, 945
163, 160, 943
163, 160, 943
170, 130, 929
219, 26, 874
271, -72, 856
310, -147, 935
311, -106, 1041
-,-,-
157, -9, 987
169, -23, 991
176, -24, 987
176, -24, 987
175, -17, 987
172, -12, 986
160, 4, 1000
159, 1, 998
159, 1, 998
172, -19, 986
181, -44, 981
-,-,-
149, 18, 958
158, 7, 979
158, 7, 979
155, 3, 991
160, -1, 997
162, -6, 991
162, -6, 991
168, -17, 988
172, -24, 993
171, -22, 990
162, -7, 995
162, -7, 995
155, 0, 995
151, 3, 994
150, 5, 990
150, 5, 990
153, 1, 986
160, -8, 988
160, -8, 988
164, -13, 991
168, -13, 992
166, -9, 990
166, -7, 997
166, -7, 997
162, -4, 993
158, 5, 996
159, 0, 993
159, 0, 993
164, -9, 988
160, -9, 989
156, 0, 995
156, 0, 995
154, 3, 1001
156, 1, 1007
158, -2, 1002
158, -2, 1002
160, -4, 996
155, -1, 984
150, 4, 986
150, 4, 986
148, 5, 988
149, 4, 988
152, 0, 988
152, 0, 988
155, 0, 985
157, 4, 986
157, 4, 986
159, 1, 988
156, 2, 990
155, 5, 995
155, 5, 995
159, 0, 991
159, 0, 985
159, 0, 985
162, -4, 983
165, -10, 988
163, -10, 1003
161, -14, 997
161, -14, 997
160, -9, 1001
159, -6, 991
156, 0, 987
153, 1, 986
153, 1, 986
150, 1, 992
153, -2, 992
163, -5, 985
163, -5, 985
172, -7, 981
169, -5, 985
164, -1, 990
164, -1, 990
159, 1, 993
160, 6, 994
162, 5, 990
162, 5, 990
165, 1, 989
160, 1, 993
160, 1, 993
158, 7, 999
161, 3, 992
165, 7, 989
165, 7, 989
167, 16, 989
175, 18, 994
186, 13, 995
186, 13, 995
195, 11, 1007
203, 14, 1017
214, 12, 1010
228, 0, 995
228, 0, 995
261, -9, 980
314, -46, 967
371, -119, 965
371, -119, 965
422, -211, 950
422, -275, 919
348, -285, 928
240, -264, 974
130, -230, 1006
23, -181, 1011
-72, -106, 975
-177, -33, 942
-177, -33, 942
-225, 38, 962
-214, 69, 980
-175, 89, 969
-154, 86, 880
-132, 107, 872
-132, 107, 872
-132, 153, 863
-107, 152, 910
-61, 106, 974
-12, 48, 1056
25, 35, 1090
25, 35, 1090
14, -2, 1144
32, 2, 1135
56, 24, 1159
63, 35, 1138
63, 35, 1138
90, 38, 1081
102, 51, 1054
93, 61, 1023
93, 61, 1023
81, 72, 1050
81, 63, 1083
103, 54, 1085
107, 43, 1060
107, 43, 1060
110, 62, 1038
128, 58, 1031
159, 38, 1002
169, 23, 990
169, 23, 990
166, 45, 992
170, 56, 995
194, 54, 1001
233, 41, 984
233, 41, 984
275, 31, 950
297, 33, 928
307, 30, 911
307, 30, 911
282, 36, 922
256, 3, 963
256, -31, 1006
283, -85, 969
283, -85, 969
309, -151, 912
305, -206, 910
262, -237, 948
216, -252, 1005
194, -261, 1023
177, -238, 1005
164, -226, 946
164, -226, 946
142, -227, 949
98, -200, 986
64, -153, 998
49, -103, 1002
49, -69, 994
62, -44, 992
62, -44, 992
84, -24, 976
108, -3, 958
130, -1, 954
130, -1, 954
147, -6, 964
151, -9, 975
150, -7, 986
150, -7, 986
152, -7, 984
162, -7, 976
182, -12, 978
-,-,-
143, -6, 1015
115, -30, 1004
132, 57, 1060
114, 31, 1057
113, 13, 1044
105, 31, 1031
105, 31, 1031
114, 31, 1020
140, -2, 1010
166, -3, 1014
156, 48, 1017
137, 93, 1007
137, 93, 1007
121, 93, 982
111, 64, 961
117, 40, 966
117, 40, 966
122, 49, 993
127, 62, 1010
138, 36, 992
154, 10, 994
154, 10, 994
159, 8, 1021
147, 20, 1021
152, 23, 1014
163, 2, 993
163, 2, 993
168, -5, 980
173, -2, 980
185, -11, 1002
185, -11, 1002
188, -6, 1011
187, -3, 1005
197, -6, 1000
199, -6, 998
184, 0, 1016
184, 0, 1016
178, 1, 1012
197, -24, 994
248, -83, 993
248, -83, 993
271, -121, 986
262, -133, 1004
259, -135, 1012
267, -142, 1013
290, -190, 980
337, -262, 943
402, -347, 952
392, -429, 967
392, -429, 967
279, -429, 988
136, -360, 980
3, -272, 926
-114, -191, 850
-197, -153, 821
-218, -119, 842
-263, -57, 842
-281, 12, 878
-281, 12, 878
-236, 88, 928
-158, 96, 940
-55, 46, 988
-2, 61, 1013
-2, 61, 1013
-6, 92, 1009
3, 99, 1045
10, 127, 1043
10, 127, 1043
20, 138, 1056
55, 129, 1134
99, 81, 1152
144, 77, 1153
156, 118, 1132
156, 118, 1132
179, 159, 1155
210, 182, 1102
226, 194, 1139
237, 209, 1169
279, 169, 1191
352, 103, 1196
387, 43, 1108
387, 43, 1108
437, -47, 1039
465, -146, 970
468, -205, 934
449, -241, 890
414, -297, 859
365, -360, 871
365, -360, 871
301, -405, 905
212, -427, 925
123, -389, 943
52, -343, 921
2, -280, 895
-11, -220, 875
-11, -220, 875
-18, -133, 903
-23, -79, 938
-22, -18, 950
-1, 24, 939
52, 15, 927
52, 15, 927
113, -21, 934
156, -52, 979
184, -110, 1008
199, -130, 1017
-,-,-
132, -80, 1001
200, 10, 943
110, 114, 923
79, 85, 867
85, 89, 868
85, 89, 868
138, -72, 888
167, -120, 959
137, -101, 1026
117, -80, 1027
117, -72, 1005
117, -72, 1005
127, -83, 1030
128, -59, 1066
135, -38, 1070
160, -46, 1037
189, -32, 991
223, -23, 980
223, -23, 980
263, -16, 980
316, -39, 1004
350, -50, 1037
374, -77, 1028
376, -112, 1016
340, -143, 1056
288, -152, 1084
252, -201, 1051
252, -201, 1051
226, -256, 1071
175, -290, 1037
94, -264, 981
4, -219, 953
-43, -205, 911
-61, -261, 922
-69, -315, 974
-69, -315, 974
-89, -324, 954
-121, -306, 876
-163, -224, 801
-212, -129, 778
-239, -60, 789
-224, 1, 855
-162, 10, 874
-84, 19, 904
-84, 19, 904
-58, 63, 958
-47, 143, 1005
-23, 229, 1050
54, 279, 1080
54, 279, 1080
145, 253, 1125
218, 248, 1128
273, 269, 1159
331, 251, 1194
378, 183, 1206
415, 161, 1229
461, 96, 1174
461, 96, 1174
487, 9, 1080
490, -95, 1030
464, -184, 991
427, -215, 976
381, -290, 929
381, -290, 929
357, -391, 923
299, -443, 956
213, -460, 971
138, -437, 971
77, -392, 957
31, -304, 917
31, -304, 917
14, -224, 850
40, -148, 844
-,-,-
474, -162, 892
504, 45, 897
405, 60, 894
477, -18, 899
477, -18, 899
501, -65, 855
491, -14, 905
417, -20, 883
425, -151, 842
473, -124, 862
-,-,-
217, 145, 775
209, 106, 804
-80, -91, 923
322, 94, 856
304, 120, 795
304, 120, 795
241, -39, 793
265, -6, 666
257, -36, 786
265, -23, 831
265, -23, 831
270, 3, 892
287, 0, 922
294, 3, 906
294, 3, 906
297, -18, 921
278, -16, 974
258, 11, 1027
240, 52, 1025
240, 52, 1025
240, 92, 1013
253, 135, 1011
265, 165, 1012
298, 243, 1030
376, 286, 1046
563, 130, 1060
563, 130, 1060
766, -160, 1067
885, -418, 1009
855, -638, 885
635, -716, 773
303, -629, 675
-121, -490, 677
-505, -301, 812
-712, -195, 1058
-742, -192, 1135
-701, -195, 994
-657, -124, 811
-651, 32, 722
-651, 32, 722
-570, 274, 708
-498, 522, 744
-301, 914, 861
22, 1175, 1083
349, 1184, 1409
576, 1107, 1713
683, 966, 1958
683, 966, 1958
757, 629, 1924
942, 19, 1710
1104, -712, 1600
1079, -992, 1662
909, -1068, 1527
708, -1174, 1131
503, -1259, 830
330, -1315, 726
111, -1300, 715
-129, -1140, 804
-238, -945, 868
-267, -731, 714
-320, -355, 550
-357, 88, 480
-357, 88, 480
